GPT,Prompt,Negative,Neutral,Positive
GPT 3.5 ,0,29.1,34.1,36.7
GPT 3.5 ,1,36.3,31.9,31.7
GPT 3.5 ,3,10.2,85.4,4.4
GPT 3.5 ,4,13.2,75.4,11.4
GPT 3.5 ,5,12.9,76.5,10.6
GPT 3.5 ,6,13.6,76.9,9.5
GPT 3.5 ,7,41.6,47.4,10.9
GPT 3.5 ,8,10.1,75.4,14.5
GPT 4 ,0,18.5,67.6,13.9
GPT 4 ,1,17.0,73.6,9.4
GPT 4 ,3,15.1,80.6,4.3
GPT 4 ,4,11.5,79.2,9.3
GPT 4 ,5,25.0,65.0,10.0
GPT 4 ,6,17.8,73.0,9.2
GPT 4 ,7,17.1,74.3,8.6
